mark_1 : 0.27387965 
mark_2 : 0.2717024
mark_3 : 0.26577765
mark_4 : 0.21927136
mark_5 : 0.28599495
mark_6 : 0.22712386
surface : 0.34181207